(kicad_pcb (version 20171130) (host pcbnew "(5.1.4)-1")

  (general
    (thickness 1.6)
    (drawings 38)
    (tracks 280)
    (zones 0)
    (modules 104)
    (nets 17)
  )

  (page A4)
  (title_block
    (title RELAY)
    (date 2020-07-07)
    (company "W4COM CONFIDENCIAL")
  )

  (layers
    (0 F.Cu signal)
    (31 B.Cu signal)
    (32 B.Adhes user)
    (33 F.Adhes user)
    (34 B.Paste user)
    (35 F.Paste user)
    (36 B.SilkS user)
    (37 F.SilkS user)
    (38 B.Mask user)
    (39 F.Mask user)
    (40 Dwgs.User user)
    (41 Cmts.User user)
    (42 Eco1.User user)
    (43 Eco2.User user)
    (44 Edge.Cuts user)
    (45 Margin user)
    (46 B.CrtYd user)
    (47 F.CrtYd user)
    (48 B.Fab user)
    (49 F.Fab user)
  )

  (setup
    (last_trace_width 0.3)
    (user_trace_width 0.35)
    (user_trace_width 0.35)
    (user_trace_width 0.4)
    (user_trace_width 0.4)
    (user_trace_width 0.45)
    (user_trace_width 0.45)
    (user_trace_width 0.5)
    (user_trace_width 0.5)
    (user_trace_width 0.55)
    (user_trace_width 0.55)
    (user_trace_width 0.6)
    (user_trace_width 0.6)
    (user_trace_width 0.7)
    (user_trace_width 0.7)
    (user_trace_width 0.8)
    (user_trace_width 0.8)
    (user_trace_width 0.9)
    (user_trace_width 0.9)
    (user_trace_width 1)
    (user_trace_width 1)
    (user_trace_width 1.2)
    (user_trace_width 1.2)
    (user_trace_width 1.4)
    (user_trace_width 1.4)
    (user_trace_width 1.5)
    (user_trace_width 1.5)
    (user_trace_width 2)
    (user_trace_width 2)
    (user_trace_width 0.35)
    (user_trace_width 0.35)
    (user_trace_width 0.4)
    (user_trace_width 0.4)
    (user_trace_width 0.45)
    (user_trace_width 0.45)
    (user_trace_width 0.5)
    (user_trace_width 0.5)
    (user_trace_width 0.55)
    (user_trace_width 0.55)
    (user_trace_width 0.6)
    (user_trace_width 0.6)
    (user_trace_width 0.7)
    (user_trace_width 0.7)
    (user_trace_width 0.8)
    (user_trace_width 0.8)
    (user_trace_width 0.9)
    (user_trace_width 0.9)
    (user_trace_width 1)
    (user_trace_width 1)
    (user_trace_width 1.2)
    (user_trace_width 1.2)
    (user_trace_width 1.4)
    (user_trace_width 1.4)
    (user_trace_width 1.5)
    (user_trace_width 1.5)
    (user_trace_width 2)
    (user_trace_width 2)
    (user_trace_width 0.35)
    (user_trace_width 0.35)
    (user_trace_width 0.4)
    (user_trace_width 0.4)
    (user_trace_width 0.45)
    (user_trace_width 0.45)
    (user_trace_width 0.5)
    (user_trace_width 0.5)
    (user_trace_width 0.55)
    (user_trace_width 0.55)
    (user_trace_width 0.6)
    (user_trace_width 0.6)
    (user_trace_width 0.7)
    (user_trace_width 0.7)
    (user_trace_width 0.8)
    (user_trace_width 0.8)
    (user_trace_width 0.9)
    (user_trace_width 0.9)
    (user_trace_width 1)
    (user_trace_width 1)
    (user_trace_width 1.2)
    (user_trace_width 1.2)
    (user_trace_width 1.4)
    (user_trace_width 1.4)
    (user_trace_width 1.5)
    (user_trace_width 1.5)
    (user_trace_width 2)
    (user_trace_width 2)
    (user_trace_width 0.35)
    (user_trace_width 0.35)
    (user_trace_width 0.4)
    (user_trace_width 0.4)
    (user_trace_width 0.45)
    (user_trace_width 0.45)
    (user_trace_width 0.5)
    (user_trace_width 0.5)
    (user_trace_width 0.55)
    (user_trace_width 0.55)
    (user_trace_width 0.6)
    (user_trace_width 0.6)
    (user_trace_width 0.7)
    (user_trace_width 0.7)
    (user_trace_width 0.8)
    (user_trace_width 0.8)
    (user_trace_width 0.9)
    (user_trace_width 0.9)
    (user_trace_width 1)
    (user_trace_width 1)
    (user_trace_width 1.2)
    (user_trace_width 1.2)
    (user_trace_width 1.4)
    (user_trace_width 1.4)
    (user_trace_width 1.5)
    (user_trace_width 1.5)
    (user_trace_width 2)
    (user_trace_width 2)
    (user_trace_width 0.35)
    (user_trace_width 0.35)
    (user_trace_width 0.4)
    (user_trace_width 0.4)
    (user_trace_width 0.45)
    (user_trace_width 0.45)
    (user_trace_width 0.5)
    (user_trace_width 0.5)
    (user_trace_width 0.55)
    (user_trace_width 0.55)
    (user_trace_width 0.6)
    (user_trace_width 0.6)
    (user_trace_width 0.7)
    (user_trace_width 0.7)
    (user_trace_width 0.8)
    (user_trace_width 0.8)
    (user_trace_width 0.9)
    (user_trace_width 0.9)
    (user_trace_width 1)
    (user_trace_width 1)
    (user_trace_width 1.2)
    (user_trace_width 1.2)
    (user_trace_width 1.4)
    (user_trace_width 1.4)
    (user_trace_width 1.5)
    (user_trace_width 1.5)
    (user_trace_width 2)
    (user_trace_width 2)
    (user_trace_width 0.35)
    (user_trace_width 0.35)
    (user_trace_width 0.4)
    (user_trace_width 0.4)
    (user_trace_width 0.45)
    (user_trace_width 0.45)
    (user_trace_width 0.5)
    (user_trace_width 0.5)
    (user_trace_width 0.55)
    (user_trace_width 0.55)
    (user_trace_width 0.6)
    (user_trace_width 0.6)
    (user_trace_width 0.7)
    (user_trace_width 0.7)
    (user_trace_width 0.8)
    (user_trace_width 0.8)
    (user_trace_width 0.9)
    (user_trace_width 0.9)
    (user_trace_width 1)
    (user_trace_width 1)
    (user_trace_width 1.2)
    (user_trace_width 1.2)
    (user_trace_width 1.4)
    (user_trace_width 1.4)
    (user_trace_width 1.5)
    (user_trace_width 1.5)
    (user_trace_width 2)
    (user_trace_width 2)
    (user_trace_width 0.35)
    (user_trace_width 0.35)
    (user_trace_width 0.4)
    (user_trace_width 0.4)
    (user_trace_width 0.45)
    (user_trace_width 0.45)
    (user_trace_width 0.5)
    (user_trace_width 0.5)
    (user_trace_width 0.55)
    (user_trace_width 0.55)
    (user_trace_width 0.6)
    (user_trace_width 0.6)
    (user_trace_width 0.7)
    (user_trace_width 0.7)
    (user_trace_width 0.8)
    (user_trace_width 0.8)
    (user_trace_width 0.9)
    (user_trace_width 0.9)
    (user_trace_width 1)
    (user_trace_width 1)
    (user_trace_width 1.2)
    (user_trace_width 1.2)
    (user_trace_width 1.4)
    (user_trace_width 1.4)
    (user_trace_width 1.5)
    (user_trace_width 1.5)
    (user_trace_width 2)
    (user_trace_width 2)
    (user_trace_width 0.35)
    (user_trace_width 0.35)
    (user_trace_width 0.4)
    (user_trace_width 0.4)
    (user_trace_width 0.45)
    (user_trace_width 0.45)
    (user_trace_width 0.5)
    (user_trace_width 0.5)
    (user_trace_width 0.55)
    (user_trace_width 0.55)
    (user_trace_width 0.6)
    (user_trace_width 0.6)
    (user_trace_width 0.7)
    (user_trace_width 0.7)
    (user_trace_width 0.8)
    (user_trace_width 0.8)
    (user_trace_width 0.9)
    (user_trace_width 0.9)
    (user_trace_width 1)
    (user_trace_width 1)
    (user_trace_width 1.2)
    (user_trace_width 1.2)
    (user_trace_width 1.4)
    (user_trace_width 1.4)
    (user_trace_width 1.5)
    (user_trace_width 1.5)
    (user_trace_width 2)
    (user_trace_width 2)
    (user_trace_width 0.35)
    (user_trace_width 0.35)
    (user_trace_width 0.4)
    (user_trace_width 0.4)
    (user_trace_width 0.45)
    (user_trace_width 0.45)
    (user_trace_width 0.5)
    (user_trace_width 0.5)
    (user_trace_width 0.55)
    (user_trace_width 0.55)
    (user_trace_width 0.6)
    (user_trace_width 0.6)
    (user_trace_width 0.7)
    (user_trace_width 0.7)
    (user_trace_width 0.8)
    (user_trace_width 0.8)
    (user_trace_width 0.9)
    (user_trace_width 0.9)
    (user_trace_width 1)
    (user_trace_width 1)
    (user_trace_width 1.2)
    (user_trace_width 1.2)
    (user_trace_width 1.4)
    (user_trace_width 1.4)
    (user_trace_width 1.5)
    (user_trace_width 1.5)
    (user_trace_width 2)
    (user_trace_width 2)
    (user_trace_width 0.35)
    (user_trace_width 0.35)
    (user_trace_width 0.4)
    (user_trace_width 0.4)
    (user_trace_width 0.45)
    (user_trace_width 0.45)
    (user_trace_width 0.5)
    (user_trace_width 0.5)
    (user_trace_width 0.55)
    (user_trace_width 0.55)
    (user_trace_width 0.6)
    (user_trace_width 0.6)
    (user_trace_width 0.7)
    (user_trace_width 0.7)
    (user_trace_width 0.8)
    (user_trace_width 0.8)
    (user_trace_width 0.9)
    (user_trace_width 0.9)
    (user_trace_width 1)
    (user_trace_width 1)
    (user_trace_width 1.2)
    (user_trace_width 1.2)
    (user_trace_width 1.4)
    (user_trace_width 1.4)
    (user_trace_width 1.5)
    (user_trace_width 1.5)
    (user_trace_width 2)
    (user_trace_width 2)
    (user_trace_width 0.35)
    (user_trace_width 0.35)
    (user_trace_width 0.4)
    (user_trace_width 0.4)
    (user_trace_width 0.45)
    (user_trace_width 0.45)
    (user_trace_width 0.5)
    (user_trace_width 0.5)
    (user_trace_width 0.55)
    (user_trace_width 0.55)
    (user_trace_width 0.6)
    (user_trace_width 0.6)
    (user_trace_width 0.7)
    (user_trace_width 0.7)
    (user_trace_width 0.8)
    (user_trace_width 0.8)
    (user_trace_width 0.9)
    (user_trace_width 0.9)
    (user_trace_width 1)
    (user_trace_width 1)
    (user_trace_width 1.2)
    (user_trace_width 1.2)
    (user_trace_width 1.4)
    (user_trace_width 1.4)
    (user_trace_width 1.5)
    (user_trace_width 1.5)
    (user_trace_width 2)
    (user_trace_width 2)
    (user_trace_width 0.35)
    (user_trace_width 0.35)
    (user_trace_width 0.4)
    (user_trace_width 0.4)
    (user_trace_width 0.45)
    (user_trace_width 0.45)
    (user_trace_width 0.5)
    (user_trace_width 0.5)
    (user_trace_width 0.55)
    (user_trace_width 0.55)
    (user_trace_width 0.6)
    (user_trace_width 0.6)
    (user_trace_width 0.7)
    (user_trace_width 0.7)
    (user_trace_width 0.8)
    (user_trace_width 0.8)
    (user_trace_width 0.9)
    (user_trace_width 0.9)
    (user_trace_width 1)
    (user_trace_width 1)
    (user_trace_width 1.2)
    (user_trace_width 1.2)
    (user_trace_width 1.4)
    (user_trace_width 1.4)
    (user_trace_width 1.5)
    (user_trace_width 1.5)
    (user_trace_width 2)
    (user_trace_width 2)
    (user_trace_width 0.35)
    (user_trace_width 0.35)
    (user_trace_width 0.4)
    (user_trace_width 0.4)
    (user_trace_width 0.45)
    (user_trace_width 0.45)
    (user_trace_width 0.5)
    (user_trace_width 0.5)
    (user_trace_width 0.55)
    (user_trace_width 0.55)
    (user_trace_width 0.6)
    (user_trace_width 0.6)
    (user_trace_width 0.7)
    (user_trace_width 0.7)
    (user_trace_width 0.8)
    (user_trace_width 0.8)
    (user_trace_width 0.9)
    (user_trace_width 0.9)
    (user_trace_width 1)
    (user_trace_width 1)
    (user_trace_width 1.2)
    (user_trace_width 1.2)
    (user_trace_width 1.4)
    (user_trace_width 1.4)
    (user_trace_width 1.5)
    (user_trace_width 1.5)
    (user_trace_width 2)
    (user_trace_width 2)
    (user_trace_width 0.35)
    (user_trace_width 0.35)
    (user_trace_width 0.4)
    (user_trace_width 0.4)
    (user_trace_width 0.45)
    (user_trace_width 0.45)
    (user_trace_width 0.5)
    (user_trace_width 0.5)
    (user_trace_width 0.55)
    (user_trace_width 0.55)
    (user_trace_width 0.6)
    (user_trace_width 0.6)
    (user_trace_width 0.7)
    (user_trace_width 0.7)
    (user_trace_width 0.8)
    (user_trace_width 0.8)
    (user_trace_width 0.9)
    (user_trace_width 0.9)
    (user_trace_width 1)
    (user_trace_width 1)
    (user_trace_width 1.2)
    (user_trace_width 1.2)
    (user_trace_width 1.4)
    (user_trace_width 1.4)
    (user_trace_width 1.5)
    (user_trace_width 1.5)
    (user_trace_width 2)
    (user_trace_width 2)
    (user_trace_width 0.35)
    (user_trace_width 0.35)
    (user_trace_width 0.4)
    (user_trace_width 0.4)
    (user_trace_width 0.45)
    (user_trace_width 0.45)
    (user_trace_width 0.5)
    (user_trace_width 0.5)
    (user_trace_width 0.55)
    (user_trace_width 0.55)
    (user_trace_width 0.6)
    (user_trace_width 0.6)
    (user_trace_width 0.7)
    (user_trace_width 0.7)
    (user_trace_width 0.8)
    (user_trace_width 0.8)
    (user_trace_width 0.9)
    (user_trace_width 0.9)
    (user_trace_width 1)
    (user_trace_width 1)
    (user_trace_width 1.2)
    (user_trace_width 1.2)
    (user_trace_width 1.4)
    (user_trace_width 1.4)
    (user_trace_width 1.5)
    (user_trace_width 1.5)
    (user_trace_width 2)
    (user_trace_width 2)
    (user_trace_width 0.35)
    (user_trace_width 0.35)
    (user_trace_width 0.4)
    (user_trace_width 0.4)
    (user_trace_width 0.45)
    (user_trace_width 0.45)
    (user_trace_width 0.5)
    (user_trace_width 0.5)
    (user_trace_width 0.55)
    (user_trace_width 0.55)
    (user_trace_width 0.6)
    (user_trace_width 0.6)
    (user_trace_width 0.7)
    (user_trace_width 0.7)
    (user_trace_width 0.8)
    (user_trace_width 0.8)
    (user_trace_width 0.9)
    (user_trace_width 0.9)
    (user_trace_width 1)
    (user_trace_width 1)
    (user_trace_width 1.2)
    (user_trace_width 1.2)
    (user_trace_width 1.4)
    (user_trace_width 1.4)
    (user_trace_width 1.5)
    (user_trace_width 1.5)
    (user_trace_width 2)
    (user_trace_width 2)
    (user_trace_width 0.35)
    (user_trace_width 0.35)
    (user_trace_width 0.4)
    (user_trace_width 0.4)
    (user_trace_width 0.45)
    (user_trace_width 0.45)
    (user_trace_width 0.5)
    (user_trace_width 0.5)
    (user_trace_width 0.55)
    (user_trace_width 0.55)
    (user_trace_width 0.6)
    (user_trace_width 0.6)
    (user_trace_width 0.7)
    (user_trace_width 0.7)
    (user_trace_width 0.8)
    (user_trace_width 0.8)
    (user_trace_width 0.9)
    (user_trace_width 0.9)
    (user_trace_width 1)
    (user_trace_width 1)
    (user_trace_width 1.2)
    (user_trace_width 1.2)
    (user_trace_width 1.4)
    (user_trace_width 1.4)
    (user_trace_width 1.5)
    (user_trace_width 1.5)
    (user_trace_width 2)
    (user_trace_width 2)
    (user_trace_width 0.35)
    (user_trace_width 0.35)
    (user_trace_width 0.4)
    (user_trace_width 0.4)
    (user_trace_width 0.45)
    (user_trace_width 0.45)
    (user_trace_width 0.5)
    (user_trace_width 0.5)
    (user_trace_width 0.55)
    (user_trace_width 0.55)
    (user_trace_width 0.6)
    (user_trace_width 0.6)
    (user_trace_width 0.7)
    (user_trace_width 0.7)
    (user_trace_width 0.8)
    (user_trace_width 0.8)
    (user_trace_width 0.9)
    (user_trace_width 0.9)
    (user_trace_width 1)
    (user_trace_width 1)
    (user_trace_width 1.2)
    (user_trace_width 1.2)
    (user_trace_width 1.4)
    (user_trace_width 1.4)
    (user_trace_width 1.5)
    (user_trace_width 1.5)
    (user_trace_width 2)
    (user_trace_width 2)
    (user_trace_width 0.35)
    (user_trace_width 0.35)
    (user_trace_width 0.4)
    (user_trace_width 0.4)
    (user_trace_width 0.45)
    (user_trace_width 0.45)
    (user_trace_width 0.5)
    (user_trace_width 0.5)
    (user_trace_width 0.55)
    (user_trace_width 0.55)
    (user_trace_width 0.6)
    (user_trace_width 0.6)
    (user_trace_width 0.7)
    (user_trace_width 0.7)
    (user_trace_width 0.8)
    (user_trace_width 0.8)
    (user_trace_width 0.9)
    (user_trace_width 0.9)
    (user_trace_width 1)
    (user_trace_width 1)
    (user_trace_width 1.2)
    (user_trace_width 1.2)
    (user_trace_width 1.4)
    (user_trace_width 1.4)
    (user_trace_width 1.5)
    (user_trace_width 1.5)
    (user_trace_width 2)
    (user_trace_width 2)
    (user_trace_width 0.35)
    (user_trace_width 0.35)
    (user_trace_width 0.4)
    (user_trace_width 0.4)
    (user_trace_width 0.45)
    (user_trace_width 0.45)
    (user_trace_width 0.5)
    (user_trace_width 0.5)
    (user_trace_width 0.55)
    (user_trace_width 0.55)
    (user_trace_width 0.6)
    (user_trace_width 0.6)
    (user_trace_width 0.7)
    (user_trace_width 0.7)
    (user_trace_width 0.8)
    (user_trace_width 0.8)
    (user_trace_width 0.9)
    (user_trace_width 0.9)
    (user_trace_width 1)
    (user_trace_width 1)
    (user_trace_width 1.2)
    (user_trace_width 1.2)
    (user_trace_width 1.4)
    (user_trace_width 1.4)
    (user_trace_width 1.5)
    (user_trace_width 1.5)
    (user_trace_width 2)
    (user_trace_width 2)
    (user_trace_width 0.35)
    (user_trace_width 0.35)
    (user_trace_width 0.4)
    (user_trace_width 0.4)
    (user_trace_width 0.45)
    (user_trace_width 0.45)
    (user_trace_width 0.5)
    (user_trace_width 0.5)
    (user_trace_width 0.55)
    (user_trace_width 0.55)
    (user_trace_width 0.6)
    (user_trace_width 0.6)
    (user_trace_width 0.7)
    (user_trace_width 0.7)
    (user_trace_width 0.8)
    (user_trace_width 0.8)
    (user_trace_width 0.9)
    (user_trace_width 0.9)
    (user_trace_width 1)
    (user_trace_width 1)
    (user_trace_width 1.2)
    (user_trace_width 1.2)
    (user_trace_width 1.4)
    (user_trace_width 1.4)
    (user_trace_width 1.5)
    (user_trace_width 1.5)
    (user_trace_width 2)
    (user_trace_width 2)
    (trace_clearance 0.4)
    (zone_clearance 0.4)
    (zone_45_only no)
    (trace_min 0.3)
    (via_size 0.8)
    (via_drill 0.4)
    (via_min_size 0.4)
    (via_min_drill 0.3)
    (uvia_size 0.3)
    (uvia_drill 0.1)
    (uvias_allowed no)
    (uvia_min_size 0.2)
    (uvia_min_drill 0.1)
    (edge_width 0.05)
    (segment_width 0.2)
    (pcb_text_width 0.3)
    (pcb_text_size 1.5 1.5)
    (mod_edge_width 0.12)
    (mod_text_size 1 1)
    (mod_text_width 0.15)
    (pad_size 0.975 1.4)
    (pad_drill 0)
    (pad_to_mask_clearance 0.051)
    (solder_mask_min_width 0.25)
    (aux_axis_origin 107.65 100.93)
    (visible_elements 7FFFFFFF)
    (pcbplotparams
      (layerselection 0x00000_7fffffff)
      (usegerberextensions false)
      (usegerberattributes false)
      (usegerberadvancedattributes false)
      (creategerberjobfile false)
      (excludeedgelayer true)
      (linewidth 0.100000)
      (plotframeref false)
      (viasonmask false)
      (mode 1)
      (useauxorigin false)
      (hpglpennumber 1)
      (hpglpenspeed 20)
      (hpglpendiameter 15.000000)
      (psnegative true)
      (psa4output false)
      (plotreference false)
      (plotvalue false)
      (plotinvisibletext false)
      (padsonsilk true)
      (subtractmaskfromsilk false)
      (outputformat 4)
      (mirror true)
      (drillshape 2)
      (scaleselection 1)
      (outputdirectory "fabrication_files/prototype/"))
  )

  (net 0 "")
  (net 1 /GND)
  (net 2 /LOAD)
  (net 3 /LIVE)
  (net 4 /NEUTRAL)
  (net 5 "Net-(C4-Pad1)")
  (net 6 "Net-(Q4-Pad3)")
  (net 7 "Net-(PH1-Pad1)")
  (net 8 "Net-(Q4-Pad2)")
  (net 9 "Net-(Q5-Pad3)")
  (net 10 "Net-(D1-Pad1)")
  (net 11 "Net-(R0-Pad1)")
  (net 12 "Net-(R1-Pad1)")
  (net 13 "Net-(R2-Pad1)")
  (net 14 "Net-(R10-Pad1)")
  (net 15 "Net-(R3-Pad1)")
  (net 16 "Net-(R4-Pad1)")

  (net_class Default "This is the default net class."
    (clearance 0.4)
    (trace_width 0.3)
    (via_dia 0.8)
    (via_drill 0.4)
    (uvia_dia 0.3)
    (uvia_drill 0.1)
    (diff_pair_width 0.35)
    (diff_pair_gap 0.25)
    (add_net /GND)
    (add_net /LIVE)
    (add_net /LOAD)
    (add_net /NEUTRAL)
    (add_net "Net-(C4-Pad1)")
    (add_net "Net-(D1-Pad1)")
    (add_net "Net-(PH1-Pad1)")
    (add_net "Net-(Q4-Pad2)")
    (add_net "Net-(Q4-Pad3)")
    (add_net "Net-(Q5-Pad3)")
    (add_net "Net-(R0-Pad1)")
    (add_net "Net-(R1-Pad1)")
    (add_net "Net-(R10-Pad1)")
    (add_net "Net-(R2-Pad1)")
    (add_net "Net-(R3-Pad1)")
    (add_net "Net-(R4-Pad1)")
  )

  (net_class "AC Power" ""
    (clearance 1.5)
    (trace_width 0.3)
    (via_dia 0.8)
    (via_drill 0.4)
    (uvia_dia 0.3)
    (uvia_drill 0.1)
    (diff_pair_width 0.35)
    (diff_pair_gap 0.25)
  )

  (module Resistor_SMD:R_1210_3225Metric (layer F.Cu) (tedit 5B301BBD) (tstamp 6063320C)
    (at 151.34 78.71 270)
    (descr "Resistor SMD 1210 (3225 Metric), square (rectangular) end terminal, IPC_7351 nominal, (Body size source: http://www.tortai-tech.com/upload/download/2011102023233369053.pdf), generated with kicad-footprint-generator")
    (tags resistor)
    (path /5FD8416A)
    (attr smd)
    (fp_text reference R5 (at 0.8 -2.33 90) (layer F.SilkS)
      (effects (font (size 1 1) (thickness 0.15)))
    )
    (fp_text value 3k (at 0 2.28 90) (layer F.Fab)
      (effects (font (size 1 1) (thickness 0.15)))
    )
    (fp_text user %R (at 0 0 90) (layer F.Fab)
      (effects (font (size 0.8 0.8) (thickness 0.12)))
    )
    (fp_line (start 2.28 1.58) (end -2.28 1.58) (layer F.CrtYd) (width 0.05))
    (fp_line (start 2.28 -1.58) (end 2.28 1.58) (layer F.CrtYd) (width 0.05))
    (fp_line (start -2.28 -1.58) (end 2.28 -1.58) (layer F.CrtYd) (width 0.05))
    (fp_line (start -2.28 1.58) (end -2.28 -1.58) (layer F.CrtYd) (width 0.05))
    (fp_line (start -0.602064 1.36) (end 0.602064 1.36) (layer F.SilkS) (width 0.12))
    (fp_line (start -0.602064 -1.36) (end 0.602064 -1.36) (layer F.SilkS) (width 0.12))
    (fp_line (start 1.6 1.25) (end -1.6 1.25) (layer F.Fab) (width 0.1))
    (fp_line (start 1.6 -1.25) (end 1.6 1.25) (layer F.Fab) (width 0.1))
    (fp_line (start -1.6 -1.25) (end 1.6 -1.25) (layer F.Fab) (width 0.1))
    (fp_line (start -1.6 1.25) (end -1.6 -1.25) (layer F.Fab) (width 0.1))
    (pad 2 smd roundrect (at 1.4 0 270) (size 1.25 2.65) (layers F.Cu F.Paste F.Mask) (roundrect_rratio 0.2)
      (net 16 "Net-(R4-Pad1)"))
    (pad 1 smd roundrect (at -1.4 0 270) (size 1.25 2.65) (layers F.Cu F.Paste F.Mask) (roundrect_rratio 0.2)
      (net 10 "Net-(D1-Pad1)"))
    (model ${KISYS3DMOD}/Resistor_SMD.3dshapes/R_1210_3225Metric.wrl
      (at (xyz 0 0 0))
      (scale (xyz 1 1 1))
      (rotate (xyz 0 0 0))
    )
  )

  (module Resistor_SMD:R_1210_3225Metric (layer F.Cu) (tedit 5B301BBD) (tstamp 606331EC)
    (at 110 78.71 270)
    (descr "Resistor SMD 1210 (3225 Metric), square (rectangular) end terminal, IPC_7351 nominal, (Body size source: http://www.tortai-tech.com/upload/download/2011102023233369053.pdf), generated with kicad-footprint-generator")
    (tags resistor)
    (path /5FD8416A)
    (attr smd)
    (fp_text reference R5 (at 0.8 -2.33 90) (layer F.SilkS)
      (effects (font (size 1 1) (thickness 0.15)))
    )
    (fp_text value 3k (at 0 2.28 90) (layer F.Fab)
      (effects (font (size 1 1) (thickness 0.15)))
    )
    (fp_text user %R (at 0 0 90) (layer F.Fab)
      (effects (font (size 0.8 0.8) (thickness 0.12)))
    )
    (fp_line (start 2.28 1.58) (end -2.28 1.58) (layer F.CrtYd) (width 0.05))
    (fp_line (start 2.28 -1.58) (end 2.28 1.58) (layer F.CrtYd) (width 0.05))
    (fp_line (start -2.28 -1.58) (end 2.28 -1.58) (layer F.CrtYd) (width 0.05))
    (fp_line (start -2.28 1.58) (end -2.28 -1.58) (layer F.CrtYd) (width 0.05))
    (fp_line (start -0.602064 1.36) (end 0.602064 1.36) (layer F.SilkS) (width 0.12))
    (fp_line (start -0.602064 -1.36) (end 0.602064 -1.36) (layer F.SilkS) (width 0.12))
    (fp_line (start 1.6 1.25) (end -1.6 1.25) (layer F.Fab) (width 0.1))
    (fp_line (start 1.6 -1.25) (end 1.6 1.25) (layer F.Fab) (width 0.1))
    (fp_line (start -1.6 -1.25) (end 1.6 -1.25) (layer F.Fab) (width 0.1))
    (fp_line (start -1.6 1.25) (end -1.6 -1.25) (layer F.Fab) (width 0.1))
    (pad 2 smd roundrect (at 1.4 0 270) (size 1.25 2.65) (layers F.Cu F.Paste F.Mask) (roundrect_rratio 0.2)
      (net 16 "Net-(R4-Pad1)"))
    (pad 1 smd roundrect (at -1.4 0 270) (size 1.25 2.65) (layers F.Cu F.Paste F.Mask) (roundrect_rratio 0.2)
      (net 10 "Net-(D1-Pad1)"))
    (model ${KISYS3DMOD}/Resistor_SMD.3dshapes/R_1210_3225Metric.wrl
      (at (xyz 0 0 0))
      (scale (xyz 1 1 1))
      (rotate (xyz 0 0 0))
    )
  )

  (module Resistor_SMD:R_1210_3225Metric (layer F.Cu) (tedit 5B301BBD) (tstamp 606331CC)
    (at 151.34 52.81 270)
    (descr "Resistor SMD 1210 (3225 Metric), square (rectangular) end terminal, IPC_7351 nominal, (Body size source: http://www.tortai-tech.com/upload/download/2011102023233369053.pdf), generated with kicad-footprint-generator")
    (tags resistor)
    (path /5FD8416A)
    (attr smd)
    (fp_text reference R5 (at 0.8 -2.33 90) (layer F.SilkS)
      (effects (font (size 1 1) (thickness 0.15)))
    )
    (fp_text value 3k (at 0 2.28 90) (layer F.Fab)
      (effects (font (size 1 1) (thickness 0.15)))
    )
    (fp_text user %R (at 0 0 90) (layer F.Fab)
      (effects (font (size 0.8 0.8) (thickness 0.12)))
    )
    (fp_line (start 2.28 1.58) (end -2.28 1.58) (layer F.CrtYd) (width 0.05))
    (fp_line (start 2.28 -1.58) (end 2.28 1.58) (layer F.CrtYd) (width 0.05))
    (fp_line (start -2.28 -1.58) (end 2.28 -1.58) (layer F.CrtYd) (width 0.05))
    (fp_line (start -2.28 1.58) (end -2.28 -1.58) (layer F.CrtYd) (width 0.05))
    (fp_line (start -0.602064 1.36) (end 0.602064 1.36) (layer F.SilkS) (width 0.12))
    (fp_line (start -0.602064 -1.36) (end 0.602064 -1.36) (layer F.SilkS) (width 0.12))
    (fp_line (start 1.6 1.25) (end -1.6 1.25) (layer F.Fab) (width 0.1))
    (fp_line (start 1.6 -1.25) (end 1.6 1.25) (layer F.Fab) (width 0.1))
    (fp_line (start -1.6 -1.25) (end 1.6 -1.25) (layer F.Fab) (width 0.1))
    (fp_line (start -1.6 1.25) (end -1.6 -1.25) (layer F.Fab) (width 0.1))
    (pad 2 smd roundrect (at 1.4 0 270) (size 1.25 2.65) (layers F.Cu F.Paste F.Mask) (roundrect_rratio 0.2)
      (net 16 "Net-(R4-Pad1)"))
    (pad 1 smd roundrect (at -1.4 0 270) (size 1.25 2.65) (layers F.Cu F.Paste F.Mask) (roundrect_rratio 0.2)
      (net 10 "Net-(D1-Pad1)"))
    (model ${KISYS3DMOD}/Resistor_SMD.3dshapes/R_1210_3225Metric.wrl
      (at (xyz 0 0 0))
      (scale (xyz 1 1 1))
      (rotate (xyz 0 0 0))
    )
  )

  (module Resistor_SMD:R_1210_3225Metric (layer F.Cu) (tedit 5B301BBD) (tstamp 6063319C)
    (at 155.1 83.28 270)
    (descr "Resistor SMD 1210 (3225 Metric), square (rectangular) end terminal, IPC_7351 nominal, (Body size source: http://www.tortai-tech.com/upload/download/2011102023233369053.pdf), generated with kicad-footprint-generator")
    (tags resistor)
    (path /5FD84161)
    (attr smd)
    (fp_text reference R4 (at 0 -2.28 90) (layer F.SilkS)
      (effects (font (size 1 1) (thickness 0.15)))
    )
    (fp_text value 3k (at 0 2.28 90) (layer F.Fab)
      (effects (font (size 1 1) (thickness 0.15)))
    )
    (fp_line (start -1.6 1.25) (end -1.6 -1.25) (layer F.Fab) (width 0.1))
    (fp_line (start -1.6 -1.25) (end 1.6 -1.25) (layer F.Fab) (width 0.1))
    (fp_line (start 1.6 -1.25) (end 1.6 1.25) (layer F.Fab) (width 0.1))
    (fp_line (start 1.6 1.25) (end -1.6 1.25) (layer F.Fab) (width 0.1))
    (fp_line (start -0.602064 -1.36) (end 0.602064 -1.36) (layer F.SilkS) (width 0.12))
    (fp_line (start -0.602064 1.36) (end 0.602064 1.36) (layer F.SilkS) (width 0.12))
    (fp_line (start -2.28 1.58) (end -2.28 -1.58) (layer F.CrtYd) (width 0.05))
    (fp_line (start -2.28 -1.58) (end 2.28 -1.58) (layer F.CrtYd) (width 0.05))
    (fp_line (start 2.28 -1.58) (end 2.28 1.58) (layer F.CrtYd) (width 0.05))
    (fp_line (start 2.28 1.58) (end -2.28 1.58) (layer F.CrtYd) (width 0.05))
    (fp_text user %R (at 0 0 90) (layer F.Fab)
      (effects (font (size 0.8 0.8) (thickness 0.12)))
    )
    (pad 1 smd roundrect (at -1.4 0 270) (size 1.25 2.65) (layers F.Cu F.Paste F.Mask) (roundrect_rratio 0.2)
      (net 16 "Net-(R4-Pad1)"))
    (pad 2 smd roundrect (at 1.4 0 270) (size 1.25 2.65) (layers F.Cu F.Paste F.Mask) (roundrect_rratio 0.2)
      (net 15 "Net-(R3-Pad1)"))
    (model ${KISYS3DMOD}/Resistor_SMD.3dshapes/R_1210_3225Metric.wrl
      (at (xyz 0 0 0))
      (scale (xyz 1 1 1))
      (rotate (xyz 0 0 0))
    )
  )

  (module Resistor_SMD:R_1210_3225Metric (layer F.Cu) (tedit 5B301BBD) (tstamp 6063317C)
    (at 113.76 83.28 270)
    (descr "Resistor SMD 1210 (3225 Metric), square (rectangular) end terminal, IPC_7351 nominal, (Body size source: http://www.tortai-tech.com/upload/download/2011102023233369053.pdf), generated with kicad-footprint-generator")
    (tags resistor)
    (path /5FD84161)
    (attr smd)
    (fp_text reference R4 (at 0 -2.28 90) (layer F.SilkS)
      (effects (font (size 1 1) (thickness 0.15)))
    )
    (fp_text value 3k (at 0 2.28 90) (layer F.Fab)
      (effects (font (size 1 1) (thickness 0.15)))
    )
    (fp_line (start -1.6 1.25) (end -1.6 -1.25) (layer F.Fab) (width 0.1))
    (fp_line (start -1.6 -1.25) (end 1.6 -1.25) (layer F.Fab) (width 0.1))
    (fp_line (start 1.6 -1.25) (end 1.6 1.25) (layer F.Fab) (width 0.1))
    (fp_line (start 1.6 1.25) (end -1.6 1.25) (layer F.Fab) (width 0.1))
    (fp_line (start -0.602064 -1.36) (end 0.602064 -1.36) (layer F.SilkS) (width 0.12))
    (fp_line (start -0.602064 1.36) (end 0.602064 1.36) (layer F.SilkS) (width 0.12))
    (fp_line (start -2.28 1.58) (end -2.28 -1.58) (layer F.CrtYd) (width 0.05))
    (fp_line (start -2.28 -1.58) (end 2.28 -1.58) (layer F.CrtYd) (width 0.05))
    (fp_line (start 2.28 -1.58) (end 2.28 1.58) (layer F.CrtYd) (width 0.05))
    (fp_line (start 2.28 1.58) (end -2.28 1.58) (layer F.CrtYd) (width 0.05))
    (fp_text user %R (at 0 0 90) (layer F.Fab)
      (effects (font (size 0.8 0.8) (thickness 0.12)))
    )
    (pad 1 smd roundrect (at -1.4 0 270) (size 1.25 2.65) (layers F.Cu F.Paste F.Mask) (roundrect_rratio 0.2)
      (net 16 "Net-(R4-Pad1)"))
    (pad 2 smd roundrect (at 1.4 0 270) (size 1.25 2.65) (layers F.Cu F.Paste F.Mask) (roundrect_rratio 0.2)
      (net 15 "Net-(R3-Pad1)"))
    (model ${KISYS3DMOD}/Resistor_SMD.3dshapes/R_1210_3225Metric.wrl
      (at (xyz 0 0 0))
      (scale (xyz 1 1 1))
      (rotate (xyz 0 0 0))
    )
  )

  (module Resistor_SMD:R_1210_3225Metric (layer F.Cu) (tedit 5B301BBD) (tstamp 6063315C)
    (at 155.1 57.38 270)
    (descr "Resistor SMD 1210 (3225 Metric), square (rectangular) end terminal, IPC_7351 nominal, (Body size source: http://www.tortai-tech.com/upload/download/2011102023233369053.pdf), generated with kicad-footprint-generator")
    (tags resistor)
    (path /5FD84161)
    (attr smd)
    (fp_text reference R4 (at 0 -2.28 90) (layer F.SilkS)
      (effects (font (size 1 1) (thickness 0.15)))
    )
    (fp_text value 3k (at 0 2.28 90) (layer F.Fab)
      (effects (font (size 1 1) (thickness 0.15)))
    )
    (fp_line (start -1.6 1.25) (end -1.6 -1.25) (layer F.Fab) (width 0.1))
    (fp_line (start -1.6 -1.25) (end 1.6 -1.25) (layer F.Fab) (width 0.1))
    (fp_line (start 1.6 -1.25) (end 1.6 1.25) (layer F.Fab) (width 0.1))
    (fp_line (start 1.6 1.25) (end -1.6 1.25) (layer F.Fab) (width 0.1))
    (fp_line (start -0.602064 -1.36) (end 0.602064 -1.36) (layer F.SilkS) (width 0.12))
    (fp_line (start -0.602064 1.36) (end 0.602064 1.36) (layer F.SilkS) (width 0.12))
    (fp_line (start -2.28 1.58) (end -2.28 -1.58) (layer F.CrtYd) (width 0.05))
    (fp_line (start -2.28 -1.58) (end 2.28 -1.58) (layer F.CrtYd) (width 0.05))
    (fp_line (start 2.28 -1.58) (end 2.28 1.58) (layer F.CrtYd) (width 0.05))
    (fp_line (start 2.28 1.58) (end -2.28 1.58) (layer F.CrtYd) (width 0.05))
    (fp_text user %R (at 0 0 90) (layer F.Fab)
      (effects (font (size 0.8 0.8) (thickness 0.12)))
    )
    (pad 1 smd roundrect (at -1.4 0 270) (size 1.25 2.65) (layers F.Cu F.Paste F.Mask) (roundrect_rratio 0.2)
      (net 16 "Net-(R4-Pad1)"))
    (pad 2 smd roundrect (at 1.4 0 270) (size 1.25 2.65) (layers F.Cu F.Paste F.Mask) (roundrect_rratio 0.2)
      (net 15 "Net-(R3-Pad1)"))
    (model ${KISYS3DMOD}/Resistor_SMD.3dshapes/R_1210_3225Metric.wrl
      (at (xyz 0 0 0))
      (scale (xyz 1 1 1))
      (rotate (xyz 0 0 0))
    )
  )

  (module Resistor_SMD:R_1210_3225Metric (layer F.Cu) (tedit 5B301BBD) (tstamp 6063312C)
    (at 151.29 88.27 270)
    (descr "Resistor SMD 1210 (3225 Metric), square (rectangular) end terminal, IPC_7351 nominal, (Body size source: http://www.tortai-tech.com/upload/download/2011102023233369053.pdf), generated with kicad-footprint-generator")
    (tags resistor)
    (path /5FD84159)
    (attr smd)
    (fp_text reference R3 (at 0 -2.28 90) (layer F.SilkS)
      (effects (font (size 1 1) (thickness 0.15)))
    )
    (fp_text value 3k (at 0 2.28 90) (layer F.Fab)
      (effects (font (size 1 1) (thickness 0.15)))
    )
    (fp_text user %R (at 0 0 90) (layer F.Fab)
      (effects (font (size 0.8 0.8) (thickness 0.12)))
    )
    (fp_line (start 2.28 1.58) (end -2.28 1.58) (layer F.CrtYd) (width 0.05))
    (fp_line (start 2.28 -1.58) (end 2.28 1.58) (layer F.CrtYd) (width 0.05))
    (fp_line (start -2.28 -1.58) (end 2.28 -1.58) (layer F.CrtYd) (width 0.05))
    (fp_line (start -2.28 1.58) (end -2.28 -1.58) (layer F.CrtYd) (width 0.05))
    (fp_line (start -0.602064 1.36) (end 0.602064 1.36) (layer F.SilkS) (width 0.12))
    (fp_line (start -0.602064 -1.36) (end 0.602064 -1.36) (layer F.SilkS) (width 0.12))
    (fp_line (start 1.6 1.25) (end -1.6 1.25) (layer F.Fab) (width 0.1))
    (fp_line (start 1.6 -1.25) (end 1.6 1.25) (layer F.Fab) (width 0.1))
    (fp_line (start -1.6 -1.25) (end 1.6 -1.25) (layer F.Fab) (width 0.1))
    (fp_line (start -1.6 1.25) (end -1.6 -1.25) (layer F.Fab) (width 0.1))
    (pad 2 smd roundrect (at 1.4 0 270) (size 1.25 2.65) (layers F.Cu F.Paste F.Mask) (roundrect_rratio 0.2)
      (net 13 "Net-(R2-Pad1)"))
    (pad 1 smd roundrect (at -1.4 0 270) (size 1.25 2.65) (layers F.Cu F.Paste F.Mask) (roundrect_rratio 0.2)
      (net 15 "Net-(R3-Pad1)"))
    (model ${KISYS3DMOD}/Resistor_SMD.3dshapes/R_1210_3225Metric.wrl
      (at (xyz 0 0 0))
      (scale (xyz 1 1 1))
      (rotate (xyz 0 0 0))
    )
  )

  (module Resistor_SMD:R_1210_3225Metric (layer F.Cu) (tedit 5B301BBD) (tstamp 6063310C)
    (at 109.95 88.27 270)
    (descr "Resistor SMD 1210 (3225 Metric), square (rectangular) end terminal, IPC_7351 nominal, (Body size source: http://www.tortai-tech.com/upload/download/2011102023233369053.pdf), generated with kicad-footprint-generator")
    (tags resistor)
    (path /5FD84159)
    (attr smd)
    (fp_text reference R3 (at 0 -2.28 90) (layer F.SilkS)
      (effects (font (size 1 1) (thickness 0.15)))
    )
    (fp_text value 3k (at 0 2.28 90) (layer F.Fab)
      (effects (font (size 1 1) (thickness 0.15)))
    )
    (fp_text user %R (at 0 0 90) (layer F.Fab)
      (effects (font (size 0.8 0.8) (thickness 0.12)))
    )
    (fp_line (start 2.28 1.58) (end -2.28 1.58) (layer F.CrtYd) (width 0.05))
    (fp_line (start 2.28 -1.58) (end 2.28 1.58) (layer F.CrtYd) (width 0.05))
    (fp_line (start -2.28 -1.58) (end 2.28 -1.58) (layer F.CrtYd) (width 0.05))
    (fp_line (start -2.28 1.58) (end -2.28 -1.58) (layer F.CrtYd) (width 0.05))
    (fp_line (start -0.602064 1.36) (end 0.602064 1.36) (layer F.SilkS) (width 0.12))
    (fp_line (start -0.602064 -1.36) (end 0.602064 -1.36) (layer F.SilkS) (width 0.12))
    (fp_line (start 1.6 1.25) (end -1.6 1.25) (layer F.Fab) (width 0.1))
    (fp_line (start 1.6 -1.25) (end 1.6 1.25) (layer F.Fab) (width 0.1))
    (fp_line (start -1.6 -1.25) (end 1.6 -1.25) (layer F.Fab) (width 0.1))
    (fp_line (start -1.6 1.25) (end -1.6 -1.25) (layer F.Fab) (width 0.1))
    (pad 2 smd roundrect (at 1.4 0 270) (size 1.25 2.65) (layers F.Cu F.Paste F.Mask) (roundrect_rratio 0.2)
      (net 13 "Net-(R2-Pad1)"))
    (pad 1 smd roundrect (at -1.4 0 270) (size 1.25 2.65) (layers F.Cu F.Paste F.Mask) (roundrect_rratio 0.2)
      (net 15 "Net-(R3-Pad1)"))
    (model ${KISYS3DMOD}/Resistor_SMD.3dshapes/R_1210_3225Metric.wrl
      (at (xyz 0 0 0))
      (scale (xyz 1 1 1))
      (rotate (xyz 0 0 0))
    )
  )

  (module Resistor_SMD:R_1210_3225Metric (layer F.Cu) (tedit 5B301BBD) (tstamp 606330EC)
    (at 151.29 62.37 270)
    (descr "Resistor SMD 1210 (3225 Metric), square (rectangular) end terminal, IPC_7351 nominal, (Body size source: http://www.tortai-tech.com/upload/download/2011102023233369053.pdf), generated with kicad-footprint-generator")
    (tags resistor)
    (path /5FD84159)
    (attr smd)
    (fp_text reference R3 (at 0 -2.28 90) (layer F.SilkS)
      (effects (font (size 1 1) (thickness 0.15)))
    )
    (fp_text value 3k (at 0 2.28 90) (layer F.Fab)
      (effects (font (size 1 1) (thickness 0.15)))
    )
    (fp_text user %R (at 0 0 90) (layer F.Fab)
      (effects (font (size 0.8 0.8) (thickness 0.12)))
    )
    (fp_line (start 2.28 1.58) (end -2.28 1.58) (layer F.CrtYd) (width 0.05))
    (fp_line (start 2.28 -1.58) (end 2.28 1.58) (layer F.CrtYd) (width 0.05))
    (fp_line (start -2.28 -1.58) (end 2.28 -1.58) (layer F.CrtYd) (width 0.05))
    (fp_line (start -2.28 1.58) (end -2.28 -1.58) (layer F.CrtYd) (width 0.05))
    (fp_line (start -0.602064 1.36) (end 0.602064 1.36) (layer F.SilkS) (width 0.12))
    (fp_line (start -0.602064 -1.36) (end 0.602064 -1.36) (layer F.SilkS) (width 0.12))
    (fp_line (start 1.6 1.25) (end -1.6 1.25) (layer F.Fab) (width 0.1))
    (fp_line (start 1.6 -1.25) (end 1.6 1.25) (layer F.Fab) (width 0.1))
    (fp_line (start -1.6 -1.25) (end 1.6 -1.25) (layer F.Fab) (width 0.1))
    (fp_line (start -1.6 1.25) (end -1.6 -1.25) (layer F.Fab) (width 0.1))
    (pad 2 smd roundrect (at 1.4 0 270) (size 1.25 2.65) (layers F.Cu F.Paste F.Mask) (roundrect_rratio 0.2)
      (net 13 "Net-(R2-Pad1)"))
    (pad 1 smd roundrect (at -1.4 0 270) (size 1.25 2.65) (layers F.Cu F.Paste F.Mask) (roundrect_rratio 0.2)
      (net 15 "Net-(R3-Pad1)"))
    (model ${KISYS3DMOD}/Resistor_SMD.3dshapes/R_1210_3225Metric.wrl
      (at (xyz 0 0 0))
      (scale (xyz 1 1 1))
      (rotate (xyz 0 0 0))
    )
  )

  (module Resistor_SMD:R_1210_3225Metric (layer F.Cu) (tedit 5B301BBD) (tstamp 606330BC)
    (at 151.34 97.9 270)
    (descr "Resistor SMD 1210 (3225 Metric), square (rectangular) end terminal, IPC_7351 nominal, (Body size source: http://www.tortai-tech.com/upload/download/2011102023233369053.pdf), generated with kicad-footprint-generator")
    (tags resistor)
    (path /5F86E83B)
    (attr smd)
    (fp_text reference R1 (at 0 -2.28 90) (layer F.SilkS)
      (effects (font (size 1 1) (thickness 0.15)))
    )
    (fp_text value 3k (at 0 2.28 90) (layer F.Fab)
      (effects (font (size 1 1) (thickness 0.15)))
    )
    (fp_text user %R (at 0 0 90) (layer F.Fab)
      (effects (font (size 0.8 0.8) (thickness 0.12)))
    )
    (fp_line (start 2.28 1.58) (end -2.28 1.58) (layer F.CrtYd) (width 0.05))
    (fp_line (start 2.28 -1.58) (end 2.28 1.58) (layer F.CrtYd) (width 0.05))
    (fp_line (start -2.28 -1.58) (end 2.28 -1.58) (layer F.CrtYd) (width 0.05))
    (fp_line (start -2.28 1.58) (end -2.28 -1.58) (layer F.CrtYd) (width 0.05))
    (fp_line (start -0.602064 1.36) (end 0.602064 1.36) (layer F.SilkS) (width 0.12))
    (fp_line (start -0.602064 -1.36) (end 0.602064 -1.36) (layer F.SilkS) (width 0.12))
    (fp_line (start 1.6 1.25) (end -1.6 1.25) (layer F.Fab) (width 0.1))
    (fp_line (start 1.6 -1.25) (end 1.6 1.25) (layer F.Fab) (width 0.1))
    (fp_line (start -1.6 -1.25) (end 1.6 -1.25) (layer F.Fab) (width 0.1))
    (fp_line (start -1.6 1.25) (end -1.6 -1.25) (layer F.Fab) (width 0.1))
    (pad 2 smd roundrect (at 1.4 0 270) (size 1.25 2.65) (layers F.Cu F.Paste F.Mask) (roundrect_rratio 0.2)
      (net 11 "Net-(R0-Pad1)"))
    (pad 1 smd roundrect (at -1.4 0 270) (size 1.25 2.65) (layers F.Cu F.Paste F.Mask) (roundrect_rratio 0.2)
      (net 12 "Net-(R1-Pad1)"))
    (model ${KISYS3DMOD}/Resistor_SMD.3dshapes/R_1210_3225Metric.wrl
      (at (xyz 0 0 0))
      (scale (xyz 1 1 1))
      (rotate (xyz 0 0 0))
    )
  )

  (module Resistor_SMD:R_1210_3225Metric (layer F.Cu) (tedit 5B301BBD) (tstamp 6063309C)
    (at 110 97.9 270)
    (descr "Resistor SMD 1210 (3225 Metric), square (rectangular) end terminal, IPC_7351 nominal, (Body size source: http://www.tortai-tech.com/upload/download/2011102023233369053.pdf), generated with kicad-footprint-generator")
    (tags resistor)
    (path /5F86E83B)
    (attr smd)
    (fp_text reference R1 (at 0 -2.28 90) (layer F.SilkS)
      (effects (font (size 1 1) (thickness 0.15)))
    )
    (fp_text value 3k (at 0 2.28 90) (layer F.Fab)
      (effects (font (size 1 1) (thickness 0.15)))
    )
    (fp_text user %R (at 0 0 90) (layer F.Fab)
      (effects (font (size 0.8 0.8) (thickness 0.12)))
    )
    (fp_line (start 2.28 1.58) (end -2.28 1.58) (layer F.CrtYd) (width 0.05))
    (fp_line (start 2.28 -1.58) (end 2.28 1.58) (layer F.CrtYd) (width 0.05))
    (fp_line (start -2.28 -1.58) (end 2.28 -1.58) (layer F.CrtYd) (width 0.05))
    (fp_line (start -2.28 1.58) (end -2.28 -1.58) (layer F.CrtYd) (width 0.05))
    (fp_line (start -0.602064 1.36) (end 0.602064 1.36) (layer F.SilkS) (width 0.12))
